2 0.278186 0.194602 0.431373 0.267992
2 0.280025 0.435606 0.442402 0.214015
0 0.287377 0.560133 0.425245 0.038826
2 0.283701 0.641098 0.432598 0.117424
0 0.284926 0.727746 0.430147 0.067235
2 0.281250 0.845644 0.444853 0.174242
2 0.712623 0.100852 0.430147 0.078598
0 0.710784 0.152936 0.384804 0.025568
2 0.708333 0.211648 0.406863 0.095644
0 0.697304 0.273674 0.345588 0.024621
2 0.711397 0.326705 0.398284 0.089015
2 0.723652 0.455492 0.442402 0.170455
1 0.713235 0.649148 0.404412 0.220644
2 0.721201 0.833333 0.425245 0.092803
0 0.640319 0.899621 0.263480 0.037879
