2 0.275123 0.100852 0.420343 0.052083
0 0.272672 0.151989 0.408088 0.050189
2 0.275735 0.222538 0.414216 0.089015
0 0.281863 0.285985 0.416667 0.041667
2 0.281863 0.326231 0.414216 0.040720
2 0.281250 0.390625 0.425245 0.082386
0 0.281863 0.446496 0.318627 0.031250
2 0.282475 0.500947 0.417892 0.056818
0 0.289216 0.554451 0.389706 0.046402
2 0.271446 0.596117 0.415441 0.040720
0 0.270221 0.634943 0.319853 0.038826
2 0.271446 0.686080 0.408088 0.067235
0 0.284926 0.735322 0.221814 0.029356
2 0.268382 0.809186 0.438725 0.110795
0 0.260417 0.894413 0.363971 0.053977
1 0.707108 0.169034 0.443627 0.156250
2 0.715074 0.263258 0.452206 0.039773
0 0.690564 0.296875 0.302696 0.027462
2 0.715074 0.455019 0.449755 0.288826
0 0.712010 0.638731 0.411765 0.078598
2 0.712623 0.803030 0.449755 0.253788
